1	eoHeb	83.93	1	853
2	rYciTtnOB	5.98	2	753
3	XMvcCPJbdW	911.6	3	906
4	LxdMr	2.3	4	956
5	KKpLAUoXBod	557.17	5	939
6	hTpwWlR	55.3	6	924
7	ALCJL	8.3	7	850
8	YNgRFEJFLC	64.6	8	969
9	uhstPgCIcUyx	320.6	9	923
10	wFGiuKu	5.66	10	817
11	pAylr	9.290	11	960
12	neBlGn	90.7	12	788
13	xXATcja	2.3	13	971
14	kTytSOC	8.680	14	925
15	khFDOyJWwN	879.8	15	874
16	irWTL	5.5	16	813
17	GfdiE	74.515	17	789
18	EULKMfIgarP	513.175	18	908
19	mjWOosf	8.789	19	922
20	XGCPQiD	68.6	20	780
21	QbsYJ	174.7	21	760
22	VQmMDi	730.64	22	809
23	RVbRHsVm	15.4	23	835
24	YqdncTruVM	7.7	24	783
25	gfgGim	2.19	25	749
26	iXUgrc	9.11	26	747
27	reUAVxNydcTW	803.98	27	893
28	FjRdMe	0.201	28	797
29	HFCYU	21.72	29	933
30	eGfGf	66.6	30	915
31	oHanAs	75.23	31	764
32	sqlNV	1.340	32	802
33	TeQvN	56.1	33	948
34	OvonVt	5.3	34	766
35	SakHLH	857.0	35	926
36	SriYWLnvq	9.33	36	811
37	oegqm	10.93	37	852
38	NesgAQI	2.1	38	887
39	IoqLMSk	791.140	39	933
40	uvdUuk	474.4	40	770
41	WwwCbCV	331.4	41	767
42	visOEHMQLD	246.8	42	781
43	cmGpnInv	660.196	43	976
44	fBxgVBFBNn	8.10	44	985
45	XxjFK	7.3	45	765
46	GBvQWA	1.483	46	783
47	BRlpQ	51.5	47	774
48	VxbvHxaMH	96.120	48	977
49	ARbfD	5.8	49	847
50	iGLpttx	757.91	50	751
51	ndHCMTSO	52.1	51	762
52	PwFBPhW	997.8	52	819
53	MIKABr	6.618	53	823
54	CQMFYF	96.8	54	972
55	eyIAU	46.482	55	828
56	eOSVNCy	993.17	56	797
57	JCevUXNUno	3.42	57	919
58	fVIOfcne	7.53	58	776
59	JTabq	9.83	59	899
60	UnjusaM	307.62	60	855
61	eOhgfmK	68.414	61	916
62	XmSJQ	8.7	62	838
63	nYNvBkDm	3.0	63	886
64	smple	632.8	64	871
65	aCrUShE	4.445	65	783
66	nRadXHqkQ	2.15	66	954
67	wLXFNda	99.7	67	987
68	yTQYS	8.93	68	903
69	FTQbE	654.641	69	753
70	CquuohPbxDh	876.90	70	859
71	LyqQX	87.64	71	782
72	vNNIYxL	7.0	72	912
73	dUNGvdd	384.149	73	825
74	SWTtxu	93.9	74	822
75	tcGKVgMhhlnp	4.6	75	967
76	tykVgI	5.9	76	922
77	UASQQ	867.59	77	831
78	pdcrh	636.115	78	879
79	TYEbv	4.387	79	986
80	hmNXfIB	4.62	80	825
81	KXPBMXDGPrE	85.82	81	763
82	uPsOP	5.37	82	846
83	uPKMV	83.83	83	891
84	lhItd	3.758	84	979
85	ceGNHXgdbJ	48.78	85	852
86	hTAiS	8.7	86	810
87	nwJhrJCK	77.93	87	844
88	xXEcj	30.42	88	948
89	Pcyfvy	86.0	89	929
90	fGgKG	710.57	90	887
91	WUVcAHCjcu	92.80	91	863
92	PvlTk	82.6	92	808
93	BMrrJOXEu	344.745	93	897
94	iuQfaAJqWQ	461.6	94	944
95	sSHJkdjYqCBE	8.7	95	979
96	weihV	84.53	96	828
97	ntieqE	2.5	97	875
98	oRCFlXJ	203.16	98	833
99	DQeFAC	336.735	99	881
100	gXKgIdvG	121.9	100	807
101	jkrWSDexdWIK	8.36	101	983
102	knGAM	410.9	102	746
103	QlIoBAAywA	0.2	103	891
104	IQiuB	85.700	104	964
105	KxQbG	2.8	105	936
106	pvmpJMCtoLlDOT	0.1	106	786
107	gTmxFkS	215.556	107	952
108	jGwaV	46.16	108	884
109	EKlCg	862.3	109	945
110	iBwitk	5.6	110	961
111	eXYtcLGpA	8.201	111	904
112	yEFdHRV	16.53	112	790
113	chRvxf	8.93	113	769
114	JFpygABWUr	17.733	114	939
115	QBEtesDGDO	94.92	115	899
116	CmIaO	620.55	116	838
117	GahKK	1.3	117	791
118	cfWSNT	1.9	118	883
119	kLEkBEu	31.775	119	786
120	NGvcxNB	31.5	120	812
121	EHthrs	24.64	121	984
122	buXwN	63.6	122	773
123	FotPN	9.91	123	871
124	uiKvHSLVd	85.40	124	967
125	HlKyvmU	99.32	125	875
126	uQxjWWGn	66.253	126	907
127	EXnWsRpK	6.27	127	854
128	JmgCV	55.6	128	770
129	jyqmwpN	57.3	129	982
130	wUNayETN	728.49	130	746
131	QXaGSTN	416.832	131	792
132	EbVvYWNf	5.5	132	936
133	oAdlS	7.5	133	755
134	DcmceuI	86.2	134	764
135	mjCvf	533.266	135	802
136	AlKsVo	562.76	136	926
137	lKtWjnlu	90.11	137	916
138	QSumWEPWYlH	56.10	138	868
139	GggBWqEc	25.6	139	800
140	DuPhHdkvD	59.3	140	769
141	SYkSYHDpc	3.90	141	885
142	ISuTWN	639.93	142	864
143	fnVClY	94.834	143	757
144	yODKUkOhj	93.306	144	788
145	bqtumFx	53.24	145	762
146	RvbdDg	7.626	146	751
147	LbEBvR	2.3	147	950
148	GTVbrSJ	8.31	148	814
149	OMAbN	601.84	149	764
150	UEsENGV	76.983	150	801
151	tdoEJVuBEu	5.49	151	913
152	NwNMBGmP	74.71	152	855
153	ayRNxG	418.27	153	807
154	psvIsiqu	2.1	154	882
155	FaKoWxuAaoU	5.77	155	807
156	GUxtLrtLqqtI	8.14	156	982
157	LAjQJGU	186.9	157	748
158	HQGoBIJBRVkYI	363.5	158	924
159	YQlFW	507.72	159	872
160	KDMGSLcCdmaOLd	24.178	160	887
161	jBUpo	874.824	161	891
162	dlrHQFqN	0.8	162	858
163	QrpGq	98.0	163	986
164	mVXWLIjGRsR	7.77	164	866
165	eKdcH	5.714	165	909
166	IrRMXnC	2.0	166	890
167	JnGPoCR	920.1	167	934
168	hWdNFSvBg	71.33	168	751
169	bjBWx	19.916	169	930
170	MMnGgrGxcj	54.56	170	788
171	qSoAvc	6.50	171	963
172	iseRERbCt	5.851	172	886
173	odhAE	5.80	173	834
174	GTiAWV	63.2	174	754
175	KhNaMKC	486.60	175	887
176	yMIuvnDOe	84.83	176	988
177	Xfxrx	126.30	177	921
178	KUksqOtULTl	7.7	178	839
179	AmSyqY	84.871	179	873
180	PFjhluT	3.85	180	826
181	PvneEj	6.6	181	852
182	YdKGDpYY	7.4	182	829
183	jXbdH	477.96	183	929
184	QIucm	624.167	184	977
185	rhykuoe	598.0	185	851
186	yIwjdPJhh	86.28	186	756
187	DBpFXJ	0.3	187	787
188	PcKTb	545.3	188	898
189	CJLlV	1.183	189	867
190	BISjgnMi	92.493	190	879
191	rWdEu	2.0	191	922
192	iVDlP	1.16	192	815
193	KuLHs	0.304	193	910
194	KnqlDPf	50.37	194	948
195	EhGbIm	531.1	195	860
196	UrUJAdefA	61.42	196	907
197	QBNFw	168.11	197	859
198	uoJNfU	8.521	198	985
199	swdcj	80.72	199	799
200	dwbNDtdHI	75.4	200	844
201	kaatir	83.48	201	960
202	xkLeQQ	745.76	202	762
203	goVLn	7.7	203	758
204	CbwEPoxlEhc	679.9	204	846
205	XXWIeyBTPlldp	50.913	205	961
206	TSGOxHinc	9.7	206	877
207	HncXU	2.62	207	855
208	JoAHBf	84.19	208	988
209	TyIMB	48.9	209	812
210	gEUCyiS	9.1	210	896
211	wlHsMxjE	576.1	211	857
212	xrVaS	92.26	212	943
213	uxHpq	67.1	213	987
214	MhYJRK	7.7	214	948
215	QtAbc	958.68	215	803
216	drAShY	8.923	216	988
217	lrqMe	7.21	217	935
218	qfYJDCNCd	0.561	218	885
219	MGTPOkmKyhvb	897.7	219	927
220	bWfKLwnEn	152.314	220	970
221	psRSS	4.147	221	957
222	ImvqXffk	584.9	222	796
223	vINck	91.849	223	897
224	UHqXueTbQEB	34.83	224	922
225	yuJaogdyx	38.42	225	942
226	TXGvgQPjJ	182.7	226	805
227	rHijKenGKFEk	388.957	227	853
228	DAwaT	781.860	228	805
229	frmBphsm	7.904	229	869
230	bVhnt	23.437	230	859
231	IMRTe	747.2	231	880
232	aAKFdPf	46.759	232	868
233	HhfRi	2.5	233	936
234	Mybcgxn	45.402	234	802
235	CAscjBH	8.109	235	975
236	BnhHqyvmN	3.551	236	893
237	JUXkS	250.6	237	943
238	glBNbY	40.24	238	747
239	UAtCFNs	31.6	239	832
240	bLTWuHIpmIQg	7.8	240	964
241	lnGTy	9.73	241	788
242	eCApA	39.5	242	938
243	MvWCRfM	81.331	243	804
244	qRhcTRM	415.61	244	825
245	xnnHtuSa	6.287	245	832
246	aKBhgAiuVl	4.4	246	982
247	flqFS	2.488	247	893
248	ctQGPBy	7.6	248	912
249	lifqpunSjy	6.5	249	759
250	AvokxB	17.3	250	921
251	TEsBUhGCW	535.3	251	812
252	TdPwd	81.87	252	841
253	enHLsPjLBV	0.23	253	879
254	kscInM	79.93	254	938
255	tfXEL	497.9	255	890
256	eQxep	717.898	256	900
257	xwmRULYi	85.3	257	881
258	tHHKk	4.6	258	932
259	qGfQX	6.3	259	952
260	BcqTAyT	7.8	260	865
261	mvXFT	80.1	261	892
262	CvgWLgG	50.807	262	925
263	OdXwRA	13.5	263	750
264	tOrbkje	53.11	264	817
265	OkyLXPu	299.97	265	879
266	GsTVp	99.5	266	879
267	Mpgktome	98.7	267	970
268	SGyJMu	9.5	268	829
269	WBixlIkmMlrX	837.77	269	969
270	RtbIwi	686.11	270	801
271	rvyRRIlp	46.978	271	834
272	McvgcBkb	5.6	272	829
273	UBJCD	24.397	273	834
274	SUVOr	835.347	274	990
275	ggOXLKdlR	7.330	275	906
276	snwTBSan	252.22	276	926
277	QOPejnh	9.18	277	907
278	rtajapaY	997.4	278	772
279	WRsgw	5.907	279	967
280	fmQBWlLMSqJVUh	60.13	280	980
281	BncRY	4.2	281	769
282	sJPwqNHNOTNEl	0.9	282	876
283	uXiPFA	44.69	283	967
284	rpVwfx	52.228	284	965
285	kMhks	46.0	285	887
286	ivCYi	9.4	286	925
287	YBedmFtKnos	87.25	287	875
288	PiSpeaggbnwx	68.56	288	876
289	xTMNNydq	7.0	289	842
290	YaqTPd	54.205	290	953
291	mvOYShlWWo	4.573	291	760
292	IBjotRCp	5.0	292	797
293	DibJBLbO	344.7	293	902
294	noppLHLdvwT	4.309	294	965
295	wPeyV	0.0	295	856
296	hbNKEJYO	1.0	296	762
297	yWvrFAR	674.2	297	905
298	Lafvj	847.431	298	979
299	xfXFu	3.28	299	839
300	WBDaQL	9.4	300	925
301	HbNrqyWtJn	9.3	301	864
302	pQbkkclyH	2.526	302	799
303	ekEoDdMviaY	662.9	303	780
304	XjpOn	14.0	304	895
305	JkcDiBn	456.846	305	873
306	YOlbLwUbOn	72.3	306	957
307	SKKra	74.2	307	823
308	AQQBLKk	0.693	308	800
309	CugWLGHpnH	2.515	309	750
310	MKauXvRJwv	978.78	310	770
311	VqUrh	89.3	311	776
312	iMsQVRWN	4.5	312	788
313	nGnHA	65.2	313	746
314	qkqyi	1.7	314	809
315	pqpmPQH	60.446	315	814
316	ynIAge	466.4	316	963
317	kdDmjIFXoJNg	488.731	317	855
318	qLdyyTpMvjEjW	59.82	318	830
319	GVRyP	643.434	319	880
320	dlFMLWm	5.1	320	918
321	VsnqptRDcD	12.1	321	773
322	vxWOe	31.14	322	878
323	cUwLi	687.8	323	930
324	LivtUXhtmu	2.56	324	880
325	CoLEb	8.9	325	746
326	WlrLqGt	7.41	326	845
327	OVXWNqo	1.33	327	891
328	pIiajmn	521.0	328	972
329	XJTNi	3.82	329	774
330	nEdSntiq	932.750	330	881
331	FVNGWx	4.45	331	901
332	kBatIYI	6.5	332	894
333	AAxrs	1.38	333	838
334	NjWDvkDq	596.45	334	890
335	relJN	574.480	335	805
336	nIpYk	8.3	336	851
337	oUerVtnnnSUE	863.8	337	917
338	CXARlsCC	308.7	338	855
339	NTUNGmd	132.937	339	954
340	jAmTi	59.8	340	962
341	XPbOF	55.2	341	842
342	qxXUumBEnv	75.26	342	880
343	EBrXPei	5.1	343	757
344	orPMjJJ	2.484	344	881
345	eNLUNGk	8.24	345	765
346	tPjuCkLUHNBI	86.3	346	888
347	qawTugM	677.11	347	913
348	SNASJpDXOl	7.741	348	879
349	FyYJKSfs	7.1	349	912
350	YxXxP	7.69	350	927
351	BpVdnU	798.1	351	760
352	dXYGsgULCfX	22.99	352	899
353	LFdwWPbCj	50.689	353	842
354	agYlcg	3.0	354	990
355	KNaeVv	643.90	355	817
356	CFHiFQNBFn	43.3	356	841
357	CjxfxA	778.917	357	845
358	MajEl	100.7	358	769
359	nIEdYY	5.377	359	749
360	IVUrylWOBDX	1.94	360	871
361	OwhgmAR	77.8	361	954
362	lsDcXdJjJtn	83.545	362	821
363	HBLcX	6.9	363	823
364	IbKghWFQ	93.5	364	838
365	SbKCc	8.100	365	793
366	bhrSomI	4.6	366	879
367	EeetFAIGH	80.2	367	901
368	BnFMR	1.50	368	828
369	HCYtto	121.25	369	763
370	qCbxL	22.0	370	976
371	iorqB	2.1	371	815
372	tvTHNTwypd	6.85	372	863
373	lgDoo	6.2	373	764
374	HrnQVSqU	269.650	374	862
375	UTaTdiP	12.319	375	914
376	rBTgGwew	58.4	376	847
377	hyafK	45.663	377	859
378	SAWjKuv	712.4	378	861
379	FSsVNBqY	6.31	379	830
380	RoyaGOUP	4.188	380	819
381	AxjSJrC	789.276	381	846
382	SpFexh	4.351	382	746
383	hCAoeV	11.4	383	983
384	OiXxk	203.7	384	819
385	EkkQeew	515.0	385	785
386	GsGxLyQ	75.3	386	973
387	fKcVDcsrRUv	8.91	387	855
388	SFylhIODPk	591.59	388	753
389	XRTwo	2.6	389	852
390	lMaJckqmdND	5.5	390	967
391	HWFvmmUXpF	776.1	391	931
392	BLiwFHt	4.640	392	840
393	awQtRyHcfFP	18.12	393	838
394	oNPlPQ	43.798	394	892
395	RbKsWC	2.0	395	891
396	jPVUHKT	8.967	396	961
397	bhWJSFUvdxJ	599.759	397	877
398	EwvLFAEPn	66.587	398	750
399	ArVAMggUgKcS	37.683	399	975
400	tXEmjQQ	26.0	400	769
401	xFDcWdlY	72.52	401	945
402	cIKRI	5.80	402	771
403	NLtQyVDdBy	570.5	403	901
404	arqSxWbT	1.45	404	828
405	JhVdE	977.54	405	754
406	jBWIde	4.54	406	946
407	GUKyV	9.159	407	905
408	fkfWa	8.278	408	848
409	DgrIkM	56.43	409	867
410	kcXqHPvjY	1.12	410	935
411	NAYdLsymEDO	646.0	411	819
412	byKxysF	8.1	412	760
413	fjYhdB	746.726	413	805
414	lvjKxsWq	1.5	414	814
415	RhskA	3.0	415	890
416	Qnhwpn	34.4	416	916
417	GjtmhfHL	9.11	417	933
418	FeiWy	52.232	418	940
419	TePLuknr	8.2	419	847
420	gfRUcF	80.63	420	831
421	pvjfo	92.14	421	876
422	CovAC	401.4	422	943
423	SFAGBKif	702.2	423	962
424	rjxLfgb	4.684	424	983
425	JGspQg	7.72	425	984
426	KbndNvueIoNpi	32.492	426	775
427	bJbavwXQE	9.776	427	970
428	cPDoLM	152.33	428	900
429	QAYUMp	91.52	429	932
430	GEXOF	7.898	430	883
431	KbRqeqd	440.219	431	971
432	IiKDn	78.230	432	931
433	cmwkTq	5.7	433	872
434	FtLbx	174.2	434	786
435	EXFBu	98.41	435	784
436	Jkoknt	79.711	436	775
437	OCkpJ	8.99	437	931
438	ExYQPFd	96.78	438	908
439	wMArFOqD	31.7	439	814
440	twsFCbRijP	0.550	440	985
441	qoIFw	67.7	441	978
442	lnXBb	81.9	442	911
443	GYwESRQqJA	4.43	443	916
444	fcmwCroB	91.579	444	755
445	PSpMpP	3.99	445	850
446	vOmsNchcoC	9.286	446	880
447	oTnSUD	76.53	447	867
448	bStJFQhp	45.784	448	835
449	DfYxw	9.0	449	874
450	AJjcX	82.856	450	788
451	qBipRAApGv	8.427	451	967
452	VfUwwwf	309.621	452	942
453	oiduBgHgG	35.618	453	989
454	njxPDPT	500.4	454	975
455	qDCSP	478.603	455	962
456	AQudm	62.59	456	802
457	NJCFr	5.78	457	910
458	RFiFoe	24.86	458	827
459	pouNhhuvmnk	192.2	459	755
460	UyDgYax	815.19	460	747
461	lECjSUWsqygN	9.5	461	768
462	HuaVYS	6.3	462	842
463	YVIONUjuj	42.378	463	966
464	JOrPwGng	921.6	464	759
465	ispBQBYg	52.3	465	840
466	QutlI	3.364	466	800
467	kWToIraSc	45.19	467	752
468	WueyjtLDkR	0.64	468	909
469	DnCPGKyGnO	5.629	469	986
470	hxhmXjSIglHA	31.9	470	863
471	NJgjyXHDI	48.425	471	819
472	qWRgqhWPUrY	161.36	472	806
473	eobOb	4.241	473	908
474	GXwoFXQ	634.8	474	765
475	fMtMJmTf	895.2	475	877
476	WBkJggGJmoV	1.89	476	754
477	HwSgOxr	201.526	477	934
478	NNKuN	70.6	478	765
479	FiqCVj	7.5	479	914
480	udkIMoAo	4.73	480	786
481	nUEOKnNNC	819.85	481	850
482	abAbvH	677.37	482	813
483	xkIsTUb	89.25	483	857
484	vNqrC	5.44	484	858
485	xSNoiu	5.381	485	760
486	LdBXO	0.8	486	757
487	vISYgFL	5.75	487	879
488	OtWLn	28.924	488	906
489	EPKFJ	7.6	489	968
490	wLyXQKV	1.470	490	897
491	xcySSnAwQ	359.107	491	776
492	iKreO	3.348	492	919
493	nqGcONO	403.7	493	988
494	BknsEpjm	445.6	494	909
495	saaXkaEMNJ	116.9	495	829
496	lUSsPLfYNQ	4.5	496	813
497	HWeNQ	81.74	497	936
498	XBlJwMBk	985.17	498	747
499	oGqduDS	3.647	499	821
500	GfYiEyqQ	476.2	500	819
501	SPdqV	82.877	501	775
502	OiyTHUTjU	77.91	502	936
503	tDJFKvfq	69.6	503	758
504	edelrE	63.2	504	784
505	waAExQoqKKHQ	253.91	505	774
506	YrbiI	6.49	506	938
507	IbFVEPA	51.98	507	758
508	pLVLHL	6.7	508	920
509	DqEhF	2.54	509	799
510	ayjQGAXt	584.10	510	778
511	NcMes	9.140	511	979
512	QsvAvM	24.5	512	899
513	sUpuxKvoN	189.11	513	886
514	grWjm	5.33	514	898
515	PLNrJbhjv	852.690	515	979
516	cJvvXoEXx	635.1	516	780
517	WPfpwLl	973.95	517	775
518	UpXIn	83.708	518	745
519	wTGMB	6.814	519	840
520	pESVo	268.28	520	746
521	gKpaJse	542.67	521	775
522	siAesye	938.614	522	758
523	NhtEjnc	63.402	523	801
524	UmFtvhwtrX	815.117	524	990
525	VgLlJi	161.219	525	899
526	wnMWV	8.294	526	880
527	VbqqmfFb	8.0	527	782
528	cCSqT	32.434	528	819
529	QGobayCM	62.1	529	857
530	EOduWwE	812.9	530	786
531	kgFtnO	6.98	531	760
532	CqUCC	1.9	532	961
533	UihepNi	28.72	533	748
534	MhDOGPwG	2.13	534	814
535	FBgGD	4.319	535	763
536	ygBGEaYoV	539.4	536	816
537	EUqfRm	912.487	537	943
538	YdcaKRT	58.848	538	863
539	eAYERqSW	7.67	539	765
540	fVwFrw	87.22	540	947
541	kXeOI	26.7	541	882
542	mGwjQJW	2.668	542	821
543	tUlYDG	5.86	543	914
544	TUCWDwJRDMt	892.31	544	775
545	bxgrwcjdB	109.106	545	987
546	oXLKrDpQQFR	8.393	546	883
547	JNlDDo	59.4	547	814
548	JAoyphUfv	134.1	548	865
549	smRLK	944.671	549	809
550	WQQBL	896.603	550	750
551	mOpCnVaNT	737.756	551	969
552	kkNpJYu	5.432	552	877
553	LnvPHxjemEAY	12.30	553	925
554	JKfJrCgM	8.8	554	772
555	BItRkeS	2.3	555	853
556	AGetws	26.1	556	912
557	dwgHHCMwWa	0.1	557	965
558	PcGUK	77.8	558	750
559	UbOEo	22.8	559	765
560	oRTdOnTTRVp	619.75	560	763
561	vFwBSCsYJe	2.1	561	959
562	CxuwQvbp	9.28	562	796
563	BEDrXh	600.523	563	841
564	EKHtjBeQrWcohO	54.8	564	765
565	BjEfufDnGl	780.92	565	873
566	LKEyoJmUS	55.34	566	812
567	phyXVXvNoFrr	93.67	567	956
568	mrfVeGy	3.59	568	882
569	TsbecN	20.9	569	833
570	TKIaHSp	62.994	570	922
571	VClqBj	5.4	571	772
572	iBwOMcScJ	2.7	572	803
573	UgTvh	2.199	573	836
574	FmCYuaWyb	996.8	574	875
575	ISKOUIx	953.78	575	771
576	jatSiXPVRw	25.84	576	966
577	qaDtYvADV	340.38	577	808
578	afVPX	8.84	578	850
579	wTFaG	747.93	579	853
580	bxLjJ	6.126	580	960
581	ReKHJP	784.72	581	747
582	nNVXB	181.6	582	873
583	wKJMj	85.87	583	861
584	pqLxd	2.4	584	958
585	HSMTpJFNKjfK	910.9	585	978
586	jynmUEFuX	0.798	586	802
587	pWgnODY	83.5	587	941
588	arlbM	92.38	588	779
589	UuKNN	31.4	589	770
590	ekIqBG	8.700	590	835
591	gsrVicCCfS	8.48	591	748
592	dgqagc	48.11	592	938
593	LoPDn	4.3	593	880
594	SHrWEp	922.677	594	811
595	uxqPijSaF	78.9	595	887
596	jhHRgfn	46.8	596	838
597	Ihmwb	198.8	597	952
598	rgodCsWx	2.73	598	861
599	PwWMl	40.6	599	922
600	apDeQ	1.6	600	753
601	sGXlOOlUwNFcD	96.505	601	860
602	hxmqnfACpr	414.271	602	952
603	WVLyDJn	46.1	603	782
604	ERjGRMWc	8.72	604	988
605	BdLvbD	71.49	605	962
606	cgWuD	9.941	606	857
607	RQDTW	0.404	607	931
608	bbAhUx	80.3	608	835
609	JpoxwDgg	97.3	609	927
610	GxseMARfPOwE	9.0	610	979
611	cKujx	238.3	611	799
612	TkUGfP	7.778	612	872
613	MkQdj	8.35	613	963
614	xrDrDbxEXfve	615.95	614	769
615	WptAQtnqdI	491.940	615	793
616	bufKIlHfyf	630.65	616	746
617	EwmQN	700.49	617	806
618	cibRTwt	30.74	618	889
619	SiJwa	42.22	619	876
620	sSrpC	6.954	620	950
621	RkIWVI	641.842	621	758
622	YyiTgROksq	9.29	622	832
623	iwnBxa	0.13	623	766
624	sOFyJr	809.417	624	862
625	lOVby	74.501	625	975
626	HuethdYVDru	5.37	626	987
627	DeFPHwB	5.72	627	749
628	lQqfKLLUC	90.882	628	931
629	TTSFQNxr	312.2	629	915
630	fqHiJ	5.0	630	968
631	QBLPK	20.0	631	947
632	QQhaSrDLNkeOy	6.457	632	880
633	ghOptrX	45.8	633	764
634	WdWKM	146.957	634	831
635	xiSceEaDxO	1.8	635	873
636	HMbaid	982.1	636	935
637	JvlGMcDuggT	64.83	637	951
638	EYTncu	614.212	638	791
639	gVVVPE	331.3	639	917
640	uwreTfvyL	5.16	640	859
641	nQdkn	652.415	641	761
642	yCFHHXH	84.24	642	760
643	hMIkY	85.7	643	865
644	uJVqXf	972.18	644	861
645	XMRNfJcmO	7.30	645	786
646	kBqvvv	41.4	646	988
647	wRYNbv	71.34	647	946
648	ipCsVJDa	599.71	648	758
649	EqRaSvfCvc	52.81	649	964
650	QVGWF	65.230	650	978
651	OFJcELcGCHd	114.5	651	919
652	anlSKQN	659.16	652	922
653	mKAXKlo	80.880	653	986
654	MBpHx	5.7	654	976
655	eWhNB	30.1	655	961
656	NtcuGjKJwNsi	24.893	656	888
657	mQImp	5.12	657	827
658	uUHTou	608.17	658	872
659	DhiSr	1.5	659	965
660	TvfrfQq	28.6	660	837
661	IyuJj	369.47	661	990
662	MtyrA	10.37	662	988
663	amRto	47.2	663	969
664	dSQQb	71.94	664	789
665	IHUQyOpc	95.80	665	778
666	ilbFk	115.363	666	820
667	SpptFgywDny	977.849	667	859
668	YIhEgeKqkbMA	214.5	668	927
669	oEIuXdSg	625.637	669	819
670	jrBMKVS	542.422	670	857
671	FKTfjISogQ	5.1	671	787
672	XlcJnY	53.58	672	850
673	PQcoNDKrh	12.5	673	842
674	tyBjescdYE	13.8	674	959
675	PoNCGXDCNF	2.63	675	982
676	HnfPX	8.7	676	783
677	altesF	910.0	677	922
678	WRtqs	346.787	678	876
679	QXBGKoV	1.86	679	953
680	DRaAE	391.4	680	928
681	oMxHQmL	20.5	681	934
682	xODLAn	6.7	682	775
683	BbTciiWTg	168.6	683	848
684	KaqTjJsReo	904.487	684	826
685	sYLgnD	38.4	685	959
686	YpGri	24.91	686	875
687	SkTyH	96.384	687	983
688	qPSnTgDQ	0.955	688	830
689	uckBPmCR	563.6	689	896
690	wdmhFV	9.7	690	906
691	CLUrvon	3.334	691	986
692	uBdOrXD	0.733	692	805
693	fXmDyib	3.6	693	867
694	BPAgvhS	741.1	694	777
695	VHFPh	8.95	695	970
696	sPIPK	174.985	696	947
697	lmMaoxj	34.7	697	956
698	hcuSjg	80.8	698	969
699	KcyrVQqBUrh	68.615	699	827
700	FCOXqsexI	43.65	700	987
701	yXpkNDrcvllP	300.3	701	901
702	mOPxXxhe	7.3	702	785
703	mcwIme	86.44	703	843
704	KGwRflcTkif	840.5	704	958
705	eLsRcO	759.245	705	761
706	DqYPikTbY	815.568	706	768
707	UmiOmE	647.0	707	758
708	BxlPky	427.76	708	876
709	LrCOd	56.974	709	874
710	WByEGy	364.318	710	832
711	QSijPc	6.64	711	828
712	RKfrfxk	551.210	712	946
713	tvlMd	510.12	713	780
714	vCpEjTxLrA	77.430	714	972
715	AwbgsMXfn	0.77	715	813
716	iqlmkbMlf	84.932	716	747
717	Wxbfe	1.421	717	985
718	SgxLWjYGa	0.41	718	856
719	mcYtErpHWFK	38.7	719	763
720	TaQxJD	9.840	720	829
721	rMNSQ	0.992	721	971
722	vMUMq	346.4	722	835
723	EXTakT	0.986	723	839
724	hGuCcdfuYAi	149.3	724	964
725	AfOwe	7.3	725	990
726	rQTlaYCcxh	216.87	726	889
727	ohxCk	7.870	727	825
728	cVRpcVT	829.3	728	830
729	YlteXebw	69.129	729	894
730	SfBlm	96.6	730	842
731	jphrG	4.0	731	937
732	AkLYmwytMB	40.774	732	858
733	UxrXl	851.53	733	948
734	xnHmPu	541.8	734	918
735	MmoHqm	50.6	735	773
736	ySLWh	443.546	736	808
737	nmFPWB	572.21	737	821
738	bOtoO	2.65	738	906
739	CXyySJrfCA	60.54	739	849
740	itOuM	35.182	740	874
741	QOtfji	421.9	741	899
742	ulxxaklDslR	945.8	742	976
743	KKmuiM	75.64	743	908
744	KsSrbYg	0.57	744	801
745	aVGmW	572.211	745	747
746	qLnfLp	6.905	746	961
747	nXBDY	502.82	747	829
748	YRTJKmg	74.480	748	936
749	ixGnL	1.92	749	792
750	wPVUh	451.1	750	908
751	LkqsY	18.876	751	974
752	mKKCh	1.9	752	903
753	wqbFBLXV	4.86	753	751
754	DrCSfeQ	6.585	754	806
755	oWDVBDYmsdps	0.756	755	931
756	hBLVFE	87.597	756	824
757	AyBECRqk	27.9	757	759
758	BRMlg	622.17	758	805
759	NreHlUihjDhCH	89.92	759	786
760	BXtlTr	2.730	760	987
761	LGiRg	972.25	761	758
762	lQJeGdaD	989.49	762	873
763	HrjwFDOJy	2.78	763	799
764	BANieHaN	91.8	764	977
765	hUvUN	28.48	765	895
766	aghUjyB	471.81	766	958
767	mnWeKrw	59.8	767	760
768	bdGnCv	1.9	768	964
769	pGLiT	659.80	769	847
770	uqamsAIX	72.8	770	945
771	stDBT	552.2	771	757
772	RQXhM	5.0	772	778
773	tFIKGT	86.37	773	855
774	gVHHJ	215.81	774	913
775	Mmfgi	8.78	775	759
776	WWwRofL	95.64	776	922
777	HteACMSKBK	1.436	777	784
778	xvrnRW	536.589	778	810
779	ULnLjra	306.67	779	777
780	HFXMTqLm	4.50	780	978
781	WxXrX	15.1	781	882
782	MBXdM	4.58	782	834
783	isLeitTp	459.593	783	873
784	wChfGS	3.168	784	988
785	BMUkult	4.44	785	868
786	OOifr	79.5	786	848
787	PAbHX	6.1	787	896
788	UsDCnWjPtJLJ	90.466	788	765
789	JfcaLT	99.9	789	786
790	mMmUbHf	61.832	790	834
791	HrtDTJB	155.881	791	837
792	clGQYBfuny	63.277	792	935
793	QduYUdcv	68.410	793	834
794	qIKTFTQssKQ	7.658	794	896
795	bBWfIlVAcT	82.0	795	785
796	BkkJdmtP	26.5	796	841
797	gtWRh	5.96	797	871
798	JqagrO	911.7	798	916
799	VsbeGcSlrg	4.814	799	820
800	fwWMxIL	0.7	800	754
801	crCboCH	614.26	801	820
802	PMmQNINRQMfmT	1.97	802	973
803	OhJmITJM	533.1	803	983
804	pSgWV	40.0	804	929
805	OOwVk	993.4	805	929
806	WlJiFVY	2.87	806	971
807	NEMGsY	70.66	807	756
808	GfETC	556.8	808	961
809	jupRll	483.65	809	792
810	Sefbs	3.2	810	772
811	hpnFuyctA	42.24	811	793
812	wFbjABDKcgH	1.463	812	876
813	OaNMnGGAms	792.624	813	775
814	RkIBI	656.75	814	941
815	fuupp	1.52	815	843
816	tOiAiiI	8.2	816	969
817	XFFKx	49.6	817	828
818	IjvBjq	90.66	818	757
819	dsEhAaBEN	39.766	819	839
820	SrMipTuYkKCH	745.41	820	963
821	LFCvuKe	79.709	821	804
822	RVmuPgE	1.9	822	862
823	MSfuS	28.563	823	819
824	xXFQdI	523.385	824	811
825	CGKauK	764.520	825	937
826	drUeJ	95.35	826	944
827	OGbKqQqw	605.70	827	918
828	mefNHcB	9.56	828	918
829	PQQgoFi	8.70	829	907
830	LrtShOdVUV	702.1	830	746
831	VEMQNBr	74.70	831	886
832	yPKkcH	21.356	832	881
833	owmwe	0.94	833	981
834	YHbIloO	13.997	834	895
835	ujXJN	97.822	835	955
836	NuqMl	634.48	836	755
837	qOxqIOl	0.58	837	765
838	yVoETKvGpO	45.849	838	835
839	tMgNRJlt	1.717	839	943
840	enDxD	94.0	840	848
841	ttoYKQFMQd	399.5	841	865
842	fnOVAb	424.58	842	909
843	CyVFxDYT	9.92	843	940
844	QirHRwOq	8.6	844	779
845	uNjAV	98.840	845	818
846	jDDgD	7.138	846	797
847	PxwTmb	24.81	847	969
848	CgoouoHLUOcI	370.7	848	794
849	YcwWb	9.32	849	778
850	YFegT	203.70	850	887
851	EYXAGb	951.731	851	790
852	fiKDTAhU	25.4	852	961
853	lRcOP	0.591	853	971
854	rottqu	16.0	854	780
855	aJkJCXlfb	283.25	855	765
856	TgXPa	829.3	856	839
857	adXdnfuFog	154.227	857	936
858	SBCwPhe	701.58	858	812
859	FwLoc	2.960	859	782
860	Skemuku	985.0	860	937
861	MvdPq	638.5	861	946
862	oLxaie	5.1	862	905
863	KHWrS	8.2	863	936
864	qjBmtb	23.7	864	856
865	xkxJxT	667.1	865	912
866	TSdRDQnu	466.4	866	860
867	NxfVTqdqK	65.8	867	915
868	LTHrP	977.33	868	851
869	gVeWTmpSsXu	0.382	869	777
870	wraFTUbU	622.32	870	840
871	AOBPU	3.69	871	749
872	sjEYtWvbmNCY	204.78	872	748
873	mqHcYB	49.855	873	761
874	RWlIBuQ	3.7	874	862
875	qmVkXt	7.56	875	783
876	KHCTSdA	94.87	876	790
877	OOaRd	607.26	877	799
878	VpDJn	17.99	878	935
879	QfUYc	71.0	879	926
880	kfRKU	33.498	880	824
881	kwufa	27.2	881	800
882	GXuFwy	713.55	882	766
883	WUeqV	781.19	883	806
884	qnORc	253.54	884	971
885	TkYxv	709.31	885	826
886	wjCWpJuql	9.0	886	803
887	BGhAEjVhnF	62.2	887	821
888	yAXiRwO	0.6	888	789
889	ecSudCAwFjdR	0.527	889	917
890	KjbEMyYpBVp	68.66	890	896
891	WBKEY	422.736	891	866
892	GOyBe	4.761	892	870
893	kpBpMNh	421.12	893	790
894	yyQmlbLqjam	7.718	894	897
895	xAMru	91.65	895	800
896	dYprkxsh	41.43	896	806
897	rSRVmdS	8.6	897	963
898	bsONh	1.84	898	873
899	vuwhky	12.402	899	914
900	EYPAa	864.0	900	799
901	DmkfaR	89.34	901	938
902	mMjgbTOIIwfv	10.728	902	972
903	iWcwT	432.29	903	777
904	jlUwg	5.409	904	941
905	PhCcl	50.957	905	938
906	YdLnXDeB	71.3	906	929
907	hIYtPnpyI	58.4	907	866
908	BdtalmdaH	62.6	908	872
909	ITtmh	1.41	909	890
910	qyACVe	619.34	910	750
911	CpoHoo	447.4	911	981
912	NYxcLLU	28.3	912	845
913	iItxuQCIDM	76.0	913	896
914	huGfYb	4.254	914	761
915	tdBcyDve	430.3	915	980
916	PwRdLBF	64.85	916	824
917	tWtKqeLyjw	12.15	917	797
918	BjroTiTSq	7.26	918	896
919	nNNQTpC	4.2	919	788
920	jJgscNA	55.0	920	863
921	wrTFV	709.532	921	844
922	INmFqo	90.59	922	869
923	LHvQltaf	6.32	923	829
924	wBCyA	335.79	924	920
925	BCCQx	481.92	925	796
926	ryTtPaIRgJBYS	22.445	926	751
927	ahicR	810.7	927	809
928	RPhIm	416.80	928	895
929	eFYuc	27.62	929	764
930	OcBcSpANa	225.9	930	951
931	PmYDnN	371.44	931	914
932	NvXMghygPPH	8.918	932	848
933	BnLfDYk	8.8	933	826
934	gPiVLOX	6.43	934	947
935	LqdRfC	17.43	935	902
936	sEikWEto	0.75	936	760
937	vlqxdD	337.81	937	933
938	ApGhR	55.312	938	904
939	KQJDMR	4.384	939	824
940	tYhGLQTBFQN	0.82	940	929
941	QygcQGI	7.7	941	939
942	tCSSwS	58.80	942	833
943	nIkNjOv	5.538	943	906
944	DkOtVI	54.246	944	865
945	QftELODv	12.98	945	948
946	AETXuMkJbvXY	899.2	946	852
947	LIkooAC	17.7	947	764
948	tlaEbCTKhsC	1.0	948	945
949	UIRvrHsYfp	623.189	949	788
950	Djilf	521.831	950	916
951	hLupP	7.62	951	880
952	ABsbw	4.290	952	812
953	gqkhX	0.67	953	987
954	dbpyxAQ	7.32	954	862
955	mynPCe	5.47	955	821
956	adCroG	26.6	956	953
957	AVoTOiKMiItX	4.67	957	912
958	nNmtQnXC	7.1	958	801
959	DsLXgctQxGkD	0.39	959	818
960	oDbuX	72.5	960	770
961	TxXBkRPMUo	148.839	961	934
962	FuHLrAm	7.7	962	830
963	qWNdTM	944.642	963	805
964	GjQJyaoejG	732.206	964	759
965	AJYQSQEK	450.6	965	748
966	YkPSL	45.1	966	983
967	aeVSG	115.14	967	888
968	rtflQ	5.10	968	980
969	TgcBjCR	848.579	969	848
970	wDgUDDRR	13.5	970	952
971	gvOvUC	5.55	971	988
972	mYrej	443.294	972	989
973	YEDSw	71.2	973	802
974	OyXJCNHqXAVH	56.6	974	976
975	WGWdr	869.838	975	940
976	OqsrWaxcD	5.816	976	884
977	JBlEOEC	6.6	977	807
978	CGpvCvl	580.471	978	793
979	NUEAGvSXbj	25.109	979	929
980	oPsXM	372.644	980	943
981	YUSrFOVXqMq	3.8	981	922
982	pSOWl	2.85	982	781
983	MSTRjfJ	75.170	983	968
984	HRDLxmiuNsI	5.55	984	916
985	XmEwo	35.1	985	943
986	EWJKY	98.93	986	903
987	sOYyQwi	49.446	987	853
988	SsnPfs	86.2	988	859
989	BgWxM	9.87	989	821
990	yJyvJnGniWD	7.68	990	912
991	IMQNQaTaEBvXQA	0.9	991	786
992	alMBA	81.385	992	965
993	ptfEF	3.9	993	906
994	HtwqaMERnY	314.6	994	840
995	uDAsmqi	24.1	995	812
996	kcGGNSklkf	2.9	996	944
997	oKUur	44.6	997	841
998	diScJCg	707.2	998	956
999	MqFLHdendl	556.912	999	958
1000	ahuyqv	949.41	1000	834
