1	0448359374
2	8974847770
3	2804829607
4	8033070927
5	6093479447
6	6876558648
7	3419936050
8	9108666602
9	5612269345
10	1004918713
11	7147925786
12	0523971905
13	6356848811
14	1027941510
15	1155652764
16	3288185188
17	2117001154
18	3889446824
19	3583593223
20	3744444752
21	1101066878
22	4252704256
23	5839295882
24	0233351958
25	9904295612
26	4608749220
27	5520876971
28	0812352013
29	2522596728
30	7951938757
31	1762997390
32	7351530304
33	3939052049
34	0566787618
35	6014187219
36	6682509003
37	9098886777
38	7580998831
39	7087457558
40	8709510187
41	0620840923
42	0250916761
43	7709650889
44	5170176160
45	7724946534
46	9219107207
47	3880809416
48	6059545320
49	9323435155
50	9839039093
51	6633707251
52	2544099525
53	0356389209
54	5651923869
55	0864465338
56	0316146176
57	0447559135
58	0558216749
59	7729565174
60	7991668771
61	2999910506
62	4839985492
63	1832198968
64	3092995945
65	5131029599
66	9092211209
67	2594703219
68	8803928979
69	0899032375
70	4005485926
71	0251663653
72	5736969198
73	6609147759
74	5642909466
75	7341937068
76	8569485353
77	4298580428
78	0214529428
79	4331499926
80	2683533798
81	6027670634
82	4779818930
83	7786151431
84	4936893878
85	3362264287
86	4563378743
87	0823512012
88	9657905323
89	2718248012
90	6320673105
91	3910800353
92	7928844668
93	0212382612
94	3637619745
95	2144140626
96	4495745926
97	3626397281
98	9256660625
99	4693489992
100	6200851779
101	9914590775
102	4234774974
103	1583798967
104	0562133411
105	1754144833
106	4682971968
107	7755191454
108	7614039432
109	7717905323
110	3100619784
111	1723258193
112	5906819541
113	9729803901
114	6388823835
115	1941743609
116	9971074364
117	6497389663
118	3049134604
119	8157554912
120	5974602681
121	1217140732
122	3148896407
123	8565157438
124	7420356539
125	0624525367
126	2520235298
127	0842879532
128	6599161690
129	5179194916
130	7344751726
131	9010926307
132	3702641135
133	7283680052
134	6630744577
135	3243417842
136	3153611718
137	9054249698
138	3230871775
139	0087640934
140	8545989048
141	9034031101
142	8238994218
143	6930648554
144	5640063396
145	4788709220
146	0815079044
147	4221227667
148	2262242284
149	4046545440
150	1125468126
151	0609135373
152	0134909745
153	7761509544
154	3603518275
155	5790100277
156	0666919965
157	3915599336
158	1950182210
159	1167969077
160	7091542475
161	2047086509
162	5123031968
163	9388442601
164	2528246098
165	9613027133
166	0488254617
167	0522668270
168	3866488104
169	6286231995
170	8102568417
171	6484223155
172	7397910122
173	6038295356
174	0328742077
175	7606408630
176	8134955682
177	4158123432
178	1014776739
179	9422810500
180	7412354899
181	2223690486
182	3907201451
183	4258403084
184	0182673913
185	5727447504
186	6564524025
187	4462649133
188	4807743404
189	0818460165
190	6014408612
191	9629305867
192	2963729837
193	5976348420
194	6160212791
195	5403777971
196	6426180924
197	1057290582
198	6366855843
199	9373903127
200	5372301579
201	7355151637
202	9409819321
203	1978120477
204	6521258322
205	1383285429
206	7316348496
207	3538853815
208	0411759411
209	4945709660
210	4977974365
211	0893999932
212	0917499675
213	8166065411
214	2123512626
215	8352223100
216	8834632493
217	7179741903
218	7085429759
219	9394087449
220	8127191493
221	9838502490
222	5137555501
223	4026736877
224	1976938178
225	1397264916
226	0762456235
227	1648533371
228	3064781472
229	0929184908
230	7361337796
231	0268966005
232	4246174676
233	6494738629
234	2231029821
235	5731378837
236	4116511573
237	4278570673
238	7202359352
239	1234815965
240	4191960927
241	4916142197
242	5011592208
243	7418704726
244	6677393723
245	4736807230
246	3244145719
247	6053702174
248	4449242975
249	9096420103
250	0638138446
251	0006121330
252	0320184106
253	6242065109
254	7219121266
255	4896024536
256	1216432944
257	0381295533
258	2923526291
259	0133997383
260	9077119994
261	2344619458
262	6691901831
263	2221254143
264	5969351298
265	1742163468
266	7019337863
267	3320387628
268	4361879335
269	1064299995
270	4399547229
271	0858957080
272	6114635747
273	5804770612
274	8123248948
275	0293676470
276	1203802883
277	2644988985
278	9071368125
279	3595875256
280	5921440458
281	1509655669
282	4143641468
283	0184248204
284	2214379057
285	9983557813
286	6166580633
287	0753280187
288	9779244125
289	6882542705
290	0237557787
291	4963989391
292	1529795067
293	7910887676
294	3452740902
295	0372471290
296	9813991879
297	4352528710
298	9439608027
299	2373662070
300	1356500674
301	6782862684
302	5072361668
303	8913795752
304	1311590778
305	1291527805
306	6069538005
307	5496748745
308	8707859732
309	2120003106
310	6527494498
311	1751468531
312	9844874484
313	0622483824
314	8315573557
315	9673070438
316	1353713315
317	7901670037
318	9248545819
319	6243746097
320	7887955250
321	1625492175
322	0677163882
323	5504221948
324	9541381790
325	2261189467
326	6328960066
327	0544974266
328	2889119057
329	7309125243
330	8594101629
331	2472505600
332	3736868682
333	9998310792
334	6396766239
335	2667273234
336	7256309398
337	8817683206
338	1450377722
339	3940572532
340	5107867300
341	2447686578
342	7271431606
343	8570478209
344	4250118887
345	6514859129
346	7266333376
347	4109122200
348	1673060194
349	2799342971
350	5225339679
351	8966484603
352	1220364771
353	8252998955
354	8566307777
355	3015273640
356	9547746553
357	1589440119
358	0411238515
359	8202978733
360	0611755768
361	8659974045
362	5205714599
363	1172459145
364	0337444140
365	8938600179
366	0828273187
367	8821596102
368	2827989998
369	0272011550
370	2307786518
371	7561270361
372	2851354409
373	6539427278
374	0468806842
375	1837984527
376	5148082909
377	9055836432
378	9704612066
379	7173191383
380	4850565129
381	3385746163
382	8467987137
383	6852038540
384	6046530257
385	7333023959
386	7294617464
387	6542316451
388	3266880308
389	4723384343
390	7203536392
391	6262062302
392	1493051687
393	9799065694
394	8577793025
395	4326621989
396	8068184664
397	1710419732
398	3775369479
399	5693413070
400	6078219402
401	8515251119
402	1970213833
403	8257280120
404	5088703925
405	0567700185
406	6871599523
407	8956838142
408	8474355585
409	0448719792
410	2718591337
411	8315062512
412	2366148137
413	5766538883
414	5668286639
415	9837463478
416	1469332323
417	6994033608
418	6961637077
419	8114040572
420	8537231723
421	5024107806
422	5179703773
423	1505420794
424	2744375067
425	8306288875
426	3125888889
427	5089717435
428	3404234033
429	7641121139
430	3823917852
431	3864489082
432	4708833076
433	1245536421
434	7723384292
435	6328324621
436	2638102856
437	1233792133
438	6068010485
439	7230141548
440	3606177511
441	8736538708
442	4727034100
443	1361200951
444	2685251251
445	0903908531
446	5444784801
447	1270827144
448	2744055020
449	3770348948
450	1610812529
451	0666283905
452	0447483478
453	3046329793
454	6194912433
455	1396236575
456	3289013105
457	4965389822
458	1470295864
459	3071194515
460	2760398473
461	6073294790
462	2421842215
463	9335387446
464	7076597996
465	1104488631
466	2267017751
467	5232804513
468	3264604687
469	9225127814
470	1674176557
471	0806488956
472	8612226117
473	5264992569
474	3675443450
475	0371616247
476	2910621087
477	9358012357
478	6735118752
479	4937990210
480	1056159304
481	3628359124
482	5841552704
483	7162077938
484	6860605537
485	1157225405
486	8965284187
487	1650612385
488	2289101651
489	3332070580
490	4280463694
491	3182092487
492	7330557808
493	0529765227
494	6786116456
495	3298574276
496	2734802434
497	1141854619
498	4545512951
499	6899472737
500	3687883266
501	4010671088
502	4663812088
503	7147148694
504	2356535853
505	6923406926
506	7191008867
507	3100775250
508	7329861453
509	2462874653
510	3045012559
511	8220238596
512	9207484062
513	3947470825
514	7282227376
515	9881842258
516	6881648832
517	4272616345
518	0340725960
519	7507882877
520	2119581135
521	8512686375
522	5625404881
523	7048098124
524	8099579328
525	8750312910
526	0834855967
527	3694642784
528	6843976367
529	4879474962
530	8987464842
531	4200517155
532	0139096485
533	6846803209
534	6718760797
535	2908007868
536	3460240583
537	4425393582
538	4134956844
539	6785701080
540	5467298567
541	0005411295
542	6844347447
543	6113834811
544	7137600720
545	4909533299
546	9603106707
547	0804774866
548	0170235554
549	6728058830
550	6388765364
551	2659892340
552	9292017092
553	0769637393
554	7114213747
555	7318719718
556	9287341092
557	5738179543
558	4186187071
559	1839665984
560	1336353208
561	7617235234
562	3636794282
563	9172709029
564	8962605420
565	8573342792
566	1030420434
567	5353544288
568	3840296697
569	9274327382
570	0375759379
571	1287427188
572	0908632592
573	7956621671
574	5935689510
575	3396371520
576	7915889967
577	2368148009
578	0542181354
579	5559039955
580	8704519341
581	4669007232
582	6073997092
583	5918499525
584	8924026949
585	1221630541
586	9110979144
587	8250855541
588	6740024170
589	4617836062
590	4441756202
591	5899923552
592	5988973771
593	0366451273
594	6247439904
595	2560559948
596	0438193432
597	0954719809
598	3269516620
599	7572302945
600	1478061942
601	8766838622
602	9976136522
603	3590496512
604	9128823895
605	0868683435
606	6625867648
607	9593575954
608	6843801146
609	8350839725
610	5125684192
611	6502885119
612	8945930002
613	5858516935
614	3123313826
615	0254779872
616	0508359162
617	8050511116
618	7185882961
619	3865612629
620	0018189490
621	2941449837
622	1758441724
623	6269297147
624	4668922027
625	7365319581
626	9655587291
627	1599311713
628	5193626574
629	8823671323
630	6587548812
631	4833415085
632	7639919363
633	8288034028
634	2867128836
635	3029142099
636	3712737241
637	0898621614
638	3467573802
639	7390774710
640	8180962235
641	8824774154
642	3493592165
643	3663870105
644	8850528135
645	5704275601
646	1389666898
647	3098043856
648	6258877457
649	7625584495
650	4273389886
651	4480499155
652	8230011450
653	1949599477
654	1441480507
655	0004305462
656	6732882951
657	7853911273
658	9749399055
659	4158558755
660	9436938275
661	6842881906
662	7594541548
663	1524139968
664	4479679989
665	7568134398
666	1256679885
667	6395472361
668	4581306835
669	8474063241
670	9261808057
671	3242582187
672	7616242588
673	9737830955
674	8992142580
675	2795511899
676	8073776782
677	5616141311
678	6585038239
679	3410790680
680	8371007358
681	6136831777
682	8110301569
683	6655775420
684	4847423712
685	4035098364
686	2237906478
687	7163925407
688	6692213249
689	8641634281
690	1729034796
691	4625066380
692	2778832472
693	5090215685
694	4538035763
695	7026931379
696	5516537017
697	7540453941
698	4349054181
699	2584137869
700	7362607913
701	3869964304
702	6295800606
703	7725986899
704	1298186716
705	3012594576
706	4646254063
707	1981999693
708	4255705374
709	0116733339
710	7495706967
711	2109899326
712	0481074419
713	3054735323
714	3663554608
715	2032132793
716	8354927651
717	0876343904
718	8463908178
719	6631223110
720	2111967567
721	1637929937
722	7150295506
723	8479785453
724	3616621526
725	4981000582
726	1660530296
727	6249102264
728	8036459427
729	7335581822
730	4058081227
731	8093939801
732	7970640722
733	0857957099
734	9710026126
735	3972936939
736	4579486185
737	0923046668
738	2981394917
739	0540688297
740	7161585143
741	9849979670
742	5970938878
743	7695764478
744	8992880769
745	9286201288
746	0742238888
747	9878058255
748	3694514634
749	5611055043
750	8335353180
751	8367930306
752	9720846342
753	8371007317
754	5222127277
755	8742956782
756	9956268110
757	0743157894
758	6732137928
759	2477095137
760	1347652552
761	0115450343
762	1678690305
763	2386273529
764	9422087222
765	5504686628
766	1421368811
767	9274792426
768	8921409263
769	0904251154
770	4591163325
771	2166406344
772	9551178403
773	9400816170
774	8114777531
775	1286525566
776	8721702531
777	6329817780
778	0941713361
779	9691784269
780	3438531420
781	6290393829
782	0361451077
783	0335390432
784	4066225609
785	7225581790
786	6150881834
787	2968710491
788	3655416507
789	7683881966
790	6862835984
791	0115978528
792	2152452850
793	4100586374
794	7770587551
795	4931396573
796	5265444073
797	6436504450
798	6191230188
799	4621367994
800	3586156821
801	8839972183
802	9513840541
803	9789527109
804	4099907417
805	9340626890
806	9898040770
807	8227119070
808	0634629508
809	5095091089
810	2634567475
811	4710302254
812	1260969189
813	2055601440
814	9092032459
815	1827036144
816	0855335771
817	7827142517
818	7281184721
819	2299852522
820	9901837018
821	0020160732
822	8758653127
823	3185471294
824	2147173248
825	6561326859
826	7025674996
827	3379016552
828	4170324122
829	2925582193
830	7465396141
831	6023278790
832	1103874083
833	3680331955
834	2166686477
835	7889276896
836	1321575662
837	3031910589
838	2502441223
839	0563730219
840	4419622870
841	7177631955
842	2610185326
843	4816998178
844	4611695992
845	5306416970
846	6189970009
847	0453633332
848	5076819436
849	4104213233
850	1506962295
851	6673257412
852	2732356691
853	9071867008
854	7854391034
855	4617064823
856	0457543565
857	3430062295
858	8332348941
859	5450126673
860	1376373514
861	3276422227
862	5910955612
863	9558117481
864	8138072414
865	3735952433
866	9206027968
867	0793710962
868	6911606859
869	4434258055
870	8549933121
871	5026299094
872	2505223040
873	7453666901
874	2714635545
875	1621345872
876	8484042654
877	7721284730
878	4489725402
879	6195591979
880	4786806209
881	5653727380
882	7516287575
883	4343925567
884	6161555284
885	4815453423
886	1765267933
887	9277322163
888	5118873215
889	5441189005
890	6173027233
891	5068856399
892	1647978988
893	6415917633
894	1158965794
895	7203090800
896	8869352317
897	6301307099
898	4816137430
899	4181248470
900	2352604606
901	5648462325
902	3894118085
903	2207689349
904	9153011445
905	9848472272
906	9941821756
907	6693294531
908	1597554992
909	1037140415
910	0042561217
911	3444199898
912	2285019253
913	9833009323
914	2576918099
915	8118831059
916	3598898041
917	3782503304
918	2176169385
919	2123104128
920	4573055585
921	0387125055
922	7981292614
923	6526021591
924	3963975602
925	2910150533
926	1203817987
927	2189576248
928	5888894049
929	3514117025
930	9578647463
931	3111002628
932	7651282995
933	4823889626
934	9793815277
935	2738876067
936	7381869844
937	6615927466
938	1937914543
939	5185361448
940	0242856712
941	3439122806
942	1509057394
943	3269444235
944	6900832012
945	9491516377
946	7093050673
947	2424609831
948	3474536163
949	8350855823
950	2696259154
951	4882335163
952	6681669473
953	7198733648
954	0190545271
955	5303681528
956	0919794271
957	3022096613
958	9689148220
959	3424415045
960	1755174935
961	4312448492
962	5479832636
963	1558085771
964	2166300459
965	6235348524
966	4511310007
967	1319940107
968	3916462514
969	9710963974
970	8079086296
971	1272128571
972	2893880199
973	7716916556
974	3601035092
975	2323603834
976	9331924690
977	4386490991
978	3345827112
979	5251373033
980	2980549751
981	8864557460
982	8424581006
983	5253207482
984	7823398237
985	2236806106
986	7684936796
987	1654103029
988	9632212144
989	7308721512
990	2289611213
991	1214457863
992	3463257508
993	7217378492
994	9240818596
995	8206841512
996	4867724866
997	0886077849
998	5537114595
999	9567259838
1000	4365264170
